10
51
1Tubiluchus_priapulida 0 0 6 6 6 6 6 6 6 6 6 6 6 6 6 0 6 0 0 1 6 0 0 6 6 6 6 6 6 1 0 6 6 6 6 6 6 6 6 6 6 6 6 6 6 6 6 6 6 6 6
9Microdictyon 1 0 6 6 0 0 0 0 0 0 6 0 6 6 6 1 0 0 0 1 1 1 1 1 0 0 6 1 0 0 0 0 6 6 0 0 0 1 0 1 6 6 6 6 6 6 0 6 0 6 6
11Hallucigenia_sparsa 1 0 6 6 0 0 1 0 0 0 6 0 6 6 6 1 0 0 0 0 6 6 1 1 1 1 0 1 0 6 0 0 6 6 0 0 0 1 0 1 6 6 6 6 6 6 0 6 0 6 6
14Luolishania 1 0 6 6 0 0 0 0 0 0 6 0 6 6 6 1 0 0 0 1 1 1 1 1 1 1 1 1 1 1 0 0 6 6 1 1 0 1 0 0 6 6 6 6 6 6 1 6 0 6 6
30Kerygmachela 1 0 6 6 0 0 0 0 0 1 0 1 0 6 1 0 0 0 0 1 1 1 1 1 0 0 6 0 0 1 0 1 0 6 0 0 0 0 6 6 1 0 1 0 0 0 0 0 1 0 0
32Opabinia 1 0 6 6 0 0 0 0 1 1 0 1 0 6 1 1 1 0 0 0 6 6 0 6 6 6 6 6 6 6 1 1 0 6 0 0 0 0 6 6 1 0 0 0 0 0 0 1 1 0 1
33Anonalocaris 1 1 0 1 0 0 0 0 1 1 0 1 1 0 1 1 1 0 1 0 6 6 0 6 6 6 6 6 6 6 1 1 0 6 0 0 0 0 6 6 1 0 0 1 1 1 0 1 1 0 1
35Hurdia 1 1 0 1 0 0 0 0 1 1 0 1 1 0 1 1 1 0 0 0 6 6 0 6 6 6 6 6 6 6 1 1 0 6 0 0 0 0 6 6 1 0 0 1 0 1 0 0 1 0 1
38Fuxianhuia 1 1 0 1 1 2 1 3 1 1 1 6 6 6 6 2 1 1 6 0 6 6 6 6 6 6 6 6 6 6 6 1 1 0 6 6 0 0 6 6 0 6 6 6 6 6 6 6 1 0 1
40Leanchoilia 1 1 1 0 1 3 1 2 1 1 1 6 6 6 6 2 1 1 6 0 6 6 6 6 6 6 6 6 6 6 6 1 1 1 6 6 0 1 0 0 0 6 6 6 6 6 6 6 0 6 6
